37107287533902104311025740304689820495323647180800
46376937677490011015859272153628787382155365842944
74324986199524742716006729396206472832704887914496
91942213363574162579353729641178467810814508138496
23067588207539345887292297188572058182652092481536
89261670696623636276248248264068206806799484977152
28112879812849981319886916899454389165756531081216
44274228917432518613336629154406172375489945010176
47451445736001308535488498627945033386883782017024
70386486105843021779815651746784327893277548216320
62176457141856560997877460931320017697768405467136
64906352462741901911743766326116766519814640369664
92575867718337217405916358330574159543256827822080
58203565325359400887083935399833038021302564159488
80181199384826286732870559192375208410182064275456
35398664372827113593362375305745387532221111336960
86515506006295862560763237327279293339152485974016
71693888707715463946993628679686030231822141489152
54370070576826681988318882007063052107758006435840
53282654108756827129486150158983850265071274950656
36123272525000298634231079309567370121667237904384
45876576172410975760076184987137989519737981239296
17423706905851859995233098176657747762236455124992
81142660418086833938218579899598185796509907288064
51934325451728387053321172634911396369550861664256
62467221648435075236013564457559045854907303198720
15732444386908127057595558895162335363314430771200
55037687525678771065810597921738059459264163872768
18336384825330154573992432037263513793390943666176
80386287592878491197065328843789869880250227228672
78182833757993101578460027081295294406845410574336
16726320100436897910041512485509070643556603920384
48403098129077796302976194650855195921481635725312
87086987551392708438755710431330202658865818894336
59959406895756540520349908280275580283815915945984
69793950679652696635375557830118699392668427878400
41052684708299082667330761287878063993655109091328
65378607361501078154874615060823234414214087966720
35829035317434715031711665765040162559805997711360
94953759765105298054645675191099264237673612574720
88902802571733225726858367320352979491604312096768
25267680276078000619916228468829298032134435373056
36270218540497707212004188607294720584058031570944
24074486908231172673021240944401548126550900080640
91430288197103286927679025241966775131190348218368
34413065578016127046948086906177289859949752483840
23053081172816429529731495490130064907280305881088
11487696932154903127062266248329572199771007877120
63783299490636259410595957117350129790784163020800
67720186971698548775927848010939482816365576847360
95548255300263512518912314525846887710107874885632
76085327132285717991249112683288079499255745609728
37774242535411292700819340386832459073812533608448
23701913275725676859622864343792600767505706778624
29798860272258331387351934707467922122089273753600
18495701454879288313952880969176278024248849596416
38298203783031472710497576689960778152184400314368
34829543829199917088858138442151237159038310416384
40957953066405234781947946763114316993310501109760
29746152185502373280153977319422478689255884324864
41698116222072979199662029718973406724699031863296
62467957194401265982477351845862160870280701935616
23189706772547916268243253704881001315829331001344
86188088225875313631132412779077292460428138381312
11306739708304724818055334558387173078765186056192
82959174767140363434853184396289070209110588260352
97623331044818391444405319313505417685268672020480
42846280183517071970329323403165544204872991113216
55121603546981197374576630239647189668132600938496
32238195734329340057153911071950704299222245572608
75506164965184780261519874133897169526725267161088
62177842752192625974703799064426789930933571026944
32924185707147349312680586171438118795535997468672
99518671430235222706374455263779919354815045435392
73267460800591546498971464079818416773417922461696
76841822524674413237266559117056437187786659856384
97142617910342607708786711139950431972793195167744
87783646182799349468985436821587738485465896976384
10848802521674670634272803166806051075663513780224
71329612474782466264606396158126782911704043880448
62184073572399795048669782563581392810589617651712
66627891981488092700440876421571035098549428682752
60661826293682832913694069162800549804357508399104
85786944089552989225664411393418090473204503019520
66024396409905388819119081747811276794740384727040
64913982680032975561667913630417866888857035735040
16730939319872751010117360660601916700902348029952
94809377245048789752244232201280936278475499634688
78639167021187492931434962582068752757444604592128
15368713711936615507227982243966072090338814590976
40789923115535561415139321053813777034615705305088
44889911501440649923314279342967055124485833228288
41503128880339533514999715921203056738063414722560
81234880673210147505037645749596666500685135609856
82616570773948328901308438779136407683066572570624
22918802058777319749564193423206993012672505577472
77158542502016545817658096601083340364476516925440
72107838435069183218210221296939117395633051271168
20849603980134002120730044944956148826246377111552
53503534226472524943670640002964588671509651783680
